MEG0113	-0.10660000145435333	0.04639999940991402	-0.06040000170469284	-0.025820137932896614	0.008279003202915192	-0.999631941318512	-0.19586977362632751	-0.9806358814239502	-0.003134374041110277	-0.9812679886817932	0.19189000129699707	0.016455000266432762
MEG0112	-0.10660000145435333	0.04639999940991402	-0.06040000170469284	-0.19586977362632751	-0.9806358814239502	-0.003134374041110277	0.025820137932896614	-0.008279003202915192	0.999631941318512	-0.9812679886817932	0.19189000129699707	0.016455000266432762
MEG0111	-0.10660000145435333	0.04639999940991402	-0.06040000170469284	-0.025820137932896614	0.008279003202915192	-0.999631941318512	-0.19586977362632751	-0.9806358814239502	-0.003134374041110277	-0.9812679886817932	0.19189000129699707	0.016455000266432762
MEG0122	-0.10199999809265137	0.06310000270605087	-0.025599999353289604	-0.010439986363053322	0.007765656337141991	-0.999910831451416	-0.2509891986846924	-0.9679780602455139	-0.004905594978481531	-0.9634659886360168	0.26782700419425964	-0.0003440000000409782
MEG0123	-0.10199999809265137	0.06310000270605087	-0.025599999353289604	-0.2509891986846924	-0.9679780602455139	-0.004905594978481531	0.010439986363053322	-0.007765656337141991	0.999910831451416	-0.9634659886360168	0.26782700419425964	-0.0003440000000409782
MEG0121	-0.10199999809265137	0.06310000270605087	-0.025599999353289604	-0.010439986363053322	0.007765656337141991	-0.999910831451416	-0.2509891986846924	-0.9679780602455139	-0.004905594978481531	-0.9634659886360168	0.26782700419425964	-0.0003440000000409782
MEG0132	-0.10849999636411667	0.03020000085234642	-0.026599999517202377	0.0065755839459598064	0.0019362677121534944	-0.9999372959136963	-0.08431404083967209	-0.9964370131492615	-0.002447171602398157	-0.9955570101737976	0.09406600147485733	-0.0037330000195652246
MEG0133	-0.10849999636411667	0.03020000085234642	-0.026599999517202377	-0.08431404083967209	-0.9964370131492615	-0.002447171602398157	-0.0065755839459598064	-0.0019362677121534944	0.9999372959136963	-0.9955570101737976	0.09406600147485733	-0.0037330000195652246
MEG0131	-0.10849999636411667	0.03020000085234642	-0.026599999517202377	0.0065755839459598064	0.0019362677121534944	-0.9999372959136963	-0.08431404083967209	-0.9964370131492615	-0.002447171602398157	-0.9955570101737976	0.09406600147485733	-0.0037330000195652246
MEG0143	-0.10989999771118164	0.013100000098347664	-0.06270000338554382	-0.06004657223820686	0.0033248323015868664	-0.9981905221939087	-0.04312794283032417	-0.9991185665130615	-0.0007948694401420653	-0.9990689754486084	0.029371000826358795	0.03115200065076351
MEG0142	-0.10989999771118164	0.013100000098347664	-0.06270000338554382	-0.04312794283032417	-0.9991185665130615	-0.0007948694401420653	0.06004657223820686	-0.0033248323015868664	0.9981905221939087	-0.9990689754486084	0.029371000826358795	0.03115200065076351
MEG0141	-0.10989999771118164	0.013100000098347664	-0.06270000338554382	-0.06004657223820686	0.0033248323015868664	-0.9981905221939087	-0.04312794283032417	-0.9991185665130615	-0.0007948694401420653	-0.9990689754486084	0.029371000826358795	0.03115200065076351
MEG0213	-0.10740000009536743	0.03290000185370445	0.00800000037997961	-0.07195869088172913	0.009824925102293491	-0.9973593354225159	-0.10058463364839554	-0.9948511719703674	-0.0025765951722860336	-0.9926930069923401	0.10245300084352493	0.0636880025267601
MEG0212	-0.10740000009536743	0.03290000185370445	0.00800000037997961	-0.10058463364839554	-0.9948511719703674	-0.0025765951722860336	0.07195869088172913	-0.009824925102293491	0.9973593354225159	-0.9926930069923401	0.10245300084352493	0.0636880025267601
MEG0211	-0.10740000009536743	0.03290000185370445	0.00800000037997961	-0.07195869088172913	0.009824925102293491	-0.9973593354225159	-0.10058463364839554	-0.9948511719703674	-0.0025765951722860336	-0.9926930069923401	0.10245300084352493	0.0636880025267601
MEG0222	-0.09889999777078629	0.040300000458955765	0.04129999876022339	-0.34550100564956665	0.060175999999046326	-0.9365479946136475	-0.16448743641376495	-0.9863754510879517	-0.0026871233712881804	-0.9249449968338013	0.15211500227451324	0.3483229875564575
MEG0223	-0.09889999777078629	0.040300000458955765	0.04129999876022339	-0.16448743641376495	-0.9863754510879517	-0.0026871233712881804	0.3454820215702057	-0.0601772703230381	0.9365549683570862	-0.9249449968338013	0.15211500227451324	0.3483229875564575
MEG0221	-0.09889999777078629	0.040300000458955765	0.04129999876022339	-0.34550100564956665	0.060175999999046326	-0.9365479946136475	-0.16448743641376495	-0.9863754510879517	-0.0026871233712881804	-0.9249449968338013	0.15211500227451324	0.3483229875564575
MEG0232	-0.10109999775886536	0.004399999976158142	0.040800001472234726	-0.34720078110694885	0.008932409808039665	-0.9377355575561523	0.03997156023979187	-0.9989051222801208	-0.024308085441589355	-0.935608983039856	-0.04344499856233597	0.3503510057926178
MEG0233	-0.10109999775886536	0.004399999976158142	0.040800001472234726	0.03997156023979187	-0.9989051222801208	-0.024308085441589355	0.34720078110694885	-0.008932409808039665	0.9377355575561523	-0.935608983039856	-0.04344499856233597	0.3503510057926178
MEG0231	-0.10109999775886536	0.004399999976158142	0.040800001472234726	-0.34720078110694885	0.008932409808039665	-0.9377355575561523	0.03997156023979187	-0.9989051222801208	-0.024308085441589355	-0.935608983039856	-0.04344499856233597	0.3503510057926178
MEG0243	-0.10830000042915344	-0.0010999999940395355	0.0071000000461936	-0.08318879455327988	-0.011715035885572433	-0.9964648485183716	0.08018666505813599	-0.9967832565307617	0.0050628711469471455	-0.9935920238494873	-0.08030100166797638	0.0794999971985817
MEG0242	-0.10830000042915344	-0.0010999999940395355	0.0071000000461936	0.08018666505813599	-0.9967832565307617	0.0050628711469471455	0.08318879455327988	0.011715035885572433	0.9964648485183716	-0.9935920238494873	-0.08030100166797638	0.0794999971985817
MEG0241	-0.10830000042915344	-0.0010999999940395355	0.0071000000461936	-0.08318879455327988	-0.011715035885572433	-0.9964648485183716	0.08018666505813599	-0.9967832565307617	0.0050628711469471455	-0.9935920238494873	-0.08030100166797638	0.0794999971985817
MEG0313	-0.08609999716281891	0.09880000352859497	0.008999999612569809	-0.039428286254405975	0.12049403041601181	-0.991930365562439	-0.4859674870967865	-0.869667649269104	-0.08633793890476227	-0.8755689859390259	0.47416600584983826	0.09230200201272964
MEG0312	-0.08609999716281891	0.09880000352859497	0.008999999612569809	-0.4859674870967865	-0.869667649269104	-0.08633793890476227	0.039428286254405975	-0.12049403041601181	0.991930365562439	-0.8755689859390259	0.47416600584983826	0.09230200201272964
MEG0311	-0.08609999716281891	0.09880000352859497	0.008999999612569809	-0.039428286254405975	0.12049403041601181	-0.991930365562439	-0.4859674870967865	-0.869667649269104	-0.08633793890476227	-0.8755689859390259	0.47416600584983826	0.09230200201272964
MEG0322	-0.08869999647140503	0.07569999992847443	0.041200000792741776	-0.3444727659225464	0.11597807705402374	-0.9316174983978271	-0.3706013858318329	-0.9285444617271423	0.02143830619752407	-0.8598920106887817	0.3533869981765747	0.36835700273513794
MEG0323	-0.08869999647140503	0.07569999992847443	0.041200000792741776	-0.3706013858318329	-0.9285444617271423	0.02143830619752407	0.3444727659225464	-0.11597807705402374	0.9316174983978271	-0.8598920106887817	0.3533869981765747	0.36835700273513794
MEG0321	-0.08869999647140503	0.07569999992847443	0.041200000792741776	-0.3444727659225464	0.11597807705402374	-0.9316174983978271	-0.3706013858318329	-0.9285444617271423	0.02143830619752407	-0.8598920106887817	0.3533869981765747	0.36835700273513794
MEG0333	-0.07020000368356705	0.07580000162124634	0.07069999724626541	-0.5814269781112671	0.22307494282722473	-0.7824194431304932	-0.3931956887245178	-0.9190108180046082	0.0301173385232687	-0.7096400260925293	0.31757599115371704	0.6289259791374207
MEG0332	-0.07020000368356705	0.07580000162124634	0.07069999724626541	-0.3931956887245178	-0.9190108180046082	0.0301173385232687	0.5814269781112671	-0.22307494282722473	0.7824194431304932	-0.7096400260925293	0.31757599115371704	0.6289259791374207
MEG0331	-0.07020000368356705	0.07580000162124634	0.07069999724626541	-0.5814269781112671	0.22307494282722473	-0.7824194431304932	-0.3931956887245178	-0.9190108180046082	0.0301173385232687	-0.7096400260925293	0.31757599115371704	0.6289259791374207
MEG0343	-0.10029999911785126	0.06589999794960022	0.008100000210106373	-0.07903288304805756	0.028705375269055367	-0.9964584708213806	-0.2937019169330597	-0.9558873176574707	-0.0042504784651100636	-0.9538220167160034	0.2892169952392578	0.08079399913549423
MEG0342	-0.10029999911785126	0.06589999794960022	0.008100000210106373	-0.2937019169330597	-0.9558873176574707	-0.0042504784651100636	0.07903288304805756	-0.028705375269055367	0.9964584708213806	-0.9538220167160034	0.2892169952392578	0.08079399913549423
MEG0341	-0.10029999911785126	0.06589999794960022	0.008100000210106373	-0.07903288304805756	0.028705375269055367	-0.9964584708213806	-0.2937019169330597	-0.9558873176574707	-0.0042504784651100636	-0.9538220167160034	0.2892169952392578	0.08079399913549423
MEG0413	-0.08079999685287476	0.04129999876022339	0.07199999690055847	-0.6311694979667664	0.04702231287956238	-0.7742174863815308	-0.13742999732494354	-0.9892269968986511	0.05195700004696846	-0.7585099935531616	0.13647300004959106	0.6372089982032776
MEG0412	-0.08079999685287476	0.04129999876022339	0.07199999690055847	-0.13742999732494354	-0.9892269968986511	0.05195700004696846	0.6311694979667664	-0.04702231287956238	0.7742174863815308	-0.7585099935531616	0.13647300004959106	0.6372089982032776
MEG0411	-0.08079999685287476	0.04129999876022339	0.07199999690055847	-0.6311694979667664	0.04702231287956238	-0.7742174863815308	-0.13742999732494354	-0.9892269968986511	0.05195700004696846	-0.7585099935531616	0.13647300004959106	0.6372089982032776
MEG0422	-0.05260000005364418	0.0406000018119812	0.09520000219345093	-0.8727450966835022	-0.020400598645210266	-0.4877573251724243	-0.059571363031864166	-0.9872135519981384	0.14785254001617432	-0.4835349917411804	0.1528639942407608	0.8618729710578918
MEG0423	-0.05260000005364418	0.0406000018119812	0.09520000219345093	-0.059571363031864166	-0.9872135519981384	0.14785254001617432	0.8727450966835022	0.020400598645210266	0.4877573251724243	-0.4835349917411804	0.1528639942407608	0.8618729710578918
MEG0421	-0.05260000005364418	0.0406000018119812	0.09520000219345093	-0.8727450966835022	-0.020400598645210266	-0.4877573251724243	-0.059571363031864166	-0.9872135519981384	0.14785254001617432	-0.4835349917411804	0.1528639942407608	0.8618729710578918
MEG0432	-0.053700000047683716	0.005900000222027302	0.09690000116825104	-0.8655272126197815	-0.017546460032463074	-0.5003793239593506	0.027328575029969215	-0.9995497465133667	-0.012381479144096375	-0.49691200256347656	-0.026348000392317772	0.8673999905586243
MEG0433	-0.053700000047683716	0.005900000222027302	0.09690000116825104	0.027328575029969215	-0.9995497465133667	-0.012381479144096375	0.8655272126197815	0.017546460032463074	0.5003793239593506	-0.49691200256347656	-0.026348000392317772	0.8673999905586243
MEG0431	-0.053700000047683716	0.005900000222027302	0.09690000116825104	-0.8655272126197815	-0.017546460032463074	-0.5003793239593506	0.027328575029969215	-0.9995497465133667	-0.012381479144096375	-0.49691200256347656	-0.026348000392317772	0.8673999905586243
MEG0443	-0.08290000259876251	0.006200000178068876	0.07280000299215317	-0.6388371586799622	0.002726979786530137	-0.7693382501602173	0.04048560932278633	-0.9985265731811523	-0.037119898945093155	-0.76419997215271	-0.0566909983754158	0.6424819827079773
MEG0442	-0.08290000259876251	0.006200000178068876	0.07280000299215317	0.04048560932278633	-0.9985265731811523	-0.037119898945093155	0.6388371586799622	-0.002726979786530137	0.7693382501602173	-0.76419997215271	-0.0566909983754158	0.6424819827079773
MEG0441	-0.08290000259876251	0.006200000178068876	0.07280000299215317	-0.6388371586799622	0.002726979786530137	-0.7693382501602173	0.04048560932278633	-0.9985265731811523	-0.037119898945093155	-0.76419997215271	-0.0566909983754158	0.6424819827079773
MEG0513	-0.06369999796152115	0.12540000677108765	0.01360000018030405	0.02136904187500477	0.21443121135234833	-0.976504921913147	-0.8008690476417542	-0.5808779001235962	-0.1451004296541214	-0.6157249808311462	0.7721779942512512	0.15686200559139252
MEG0512	-0.06369999796152115	0.12540000677108765	0.01360000018030405	-0.8008690476417542	-0.5808779001235962	-0.1451004296541214	-0.02136904187500477	-0.21443121135234833	0.976504921913147	-0.6157249808311462	0.7721779942512512	0.15686200559139252
MEG0511	-0.06369999796152115	0.12540000677108765	0.01360000018030405	0.02136904187500477	0.21443121135234833	-0.976504921913147	-0.8008690476417542	-0.5808779001235962	-0.1451004296541214	-0.6157249808311462	0.7721779942512512	0.15686200559139252
MEG0523	-0.03319999948143959	0.1396999955177307	0.017400000244379044	0.008663791231811047	0.22497224807739258	-0.9743266701698303	-0.9581456184387207	-0.27709975838661194	-0.07248729467391968	-0.2889130115509033	0.9339060187339783	0.21049299836158752
MEG0522	-0.03319999948143959	0.1396999955177307	0.017400000244379044	-0.9581456184387207	-0.27709975838661194	-0.07248729467391968	-0.008663791231811047	-0.22497224807739258	0.9743266701698303	-0.2889130115509033	0.9339060187339783	0.21049299836158752
MEG0521	-0.03319999948143959	0.1396999955177307	0.017400000244379044	0.008663791231811047	0.22497224807739258	-0.9743266701698303	-0.9581456184387207	-0.27709975838661194	-0.07248729467391968	-0.2889130115509033	0.9339060187339783	0.21049299836158752
MEG0532	-0.03370000049471855	0.1273999959230423	0.048500001430511475	-0.05184437707066536	0.46871164441108704	-0.8818458318710327	-0.9604633450508118	-0.26525330543518066	-0.0845670998096466	-0.26970401406288147	0.8414400219917297	0.46821099519729614
MEG0533	-0.03370000049471855	0.1273999959230423	0.048500001430511475	-0.9604633450508118	-0.26525330543518066	-0.0845670998096466	0.05184437707066536	-0.46871164441108704	0.8818458318710327	-0.26970401406288147	0.8414400219917297	0.46821099519729614
MEG0531	-0.03370000049471855	0.1273999959230423	0.048500001430511475	-0.05184437707066536	0.46871164441108704	-0.8818458318710327	-0.9604633450508118	-0.26525330543518066	-0.0845670998096466	-0.26970401406288147	0.8414400219917297	0.46821099519729614
MEG0542	-0.06719999760389328	0.10890000313520432	0.04430000111460686	-0.18592984974384308	0.39090695977211	-0.9013749361038208	-0.6991801261901855	-0.6972452998161316	-0.15810537338256836	-0.6852160096168518	0.6125389933586121	0.3940410017967224
MEG0543	-0.06719999760389328	0.10890000313520432	0.04430000111460686	-0.6991801261901855	-0.6972452998161316	-0.15810537338256836	0.18592984974384308	-0.39090695977211	0.9013749361038208	-0.6852160096168518	0.6125389933586121	0.3940410017967224
MEG0541	-0.06719999760389328	0.10890000313520432	0.04430000111460686	-0.18592984974384308	0.39090695977211	-0.9013749361038208	-0.6991801261901855	-0.6972452998161316	-0.15810537338256836	-0.6852160096168518	0.6125389933586121	0.3940410017967224
MEG0613	-0.03579999879002571	0.10480000078678131	0.07500000298023224	-0.007109612226486206	0.7658094167709351	-0.6430280804634094	-0.9571316838264465	-0.19135913252830505	-0.21735575795173645	-0.2946290075778961	0.60664302110672	0.7383589744567871
MEG0612	-0.03579999879002571	0.10480000078678131	0.07500000298023224	-0.9571316838264465	-0.19135913252830505	-0.21735575795173645	0.007109612226486206	-0.7658094167709351	0.6430280804634094	-0.2946290075778961	0.60664302110672	0.7383589744567871
MEG0611	-0.03579999879002571	0.10480000078678131	0.07500000298023224	-0.007109612226486206	0.7658094167709351	-0.6430280804634094	-0.9571316838264465	-0.19135913252830505	-0.21735575795173645	-0.2946290075778961	0.60664302110672	0.7383589744567871
MEG0622	9.999999747378752e-05	0.07750000059604645	0.09669999778270721	0.0001958341454155743	0.9134880304336548	-0.4069889783859253	-1.0	0.00039999998989515007	0.00019999999494757503	0.00036700000055134296	0.40267398953437805	0.9153419733047485
MEG0623	9.999999747378752e-05	0.07750000059604645	0.09669999778270721	-1.0	0.00039999998989515007	0.00019999999494757503	-0.000195834145415574	-0.9134880304336548	0.4069889783859253	0.00036700000055134296	0.40267398953437805	0.9153419733047485
MEG0621	9.999999747378752e-05	0.07750000059604645	0.09669999778270721	0.0001958341454155743	0.9134880304336548	-0.4069889783859253	-1.0	0.00039999998989515007	0.00019999999494757503	0.00036700000055134296	0.40267398953437805	0.9153419733047485
MEG0633	-0.018400000408291817	0.04399999976158142	0.1062999963760376	0.008053123019635677	0.9817494750022888	-0.1900065690279007	-0.9924063682556152	-0.015319081954658031	-0.12170864641666412	-0.13046599924564362	0.18374599516391754	0.9742770195007324
MEG0632	-0.018400000408291817	0.04399999976158142	0.1062999963760376	-0.9924063682556152	-0.015319081954658031	-0.12170864641666412	-0.008053123019635677	-0.9817494750022888	0.1900065690279007	-0.13046599924564362	0.18374599516391754	0.9742770195007324
MEG0631	-0.018400000408291817	0.04399999976158142	0.1062999963760376	0.008053123019635677	0.9817494750022888	-0.1900065690279007	-0.9924063682556152	-0.015319081954658031	-0.12170864641666412	-0.13046599924564362	0.18374599516391754	0.9742770195007324
MEG0642	-0.03680000081658363	0.07530000060796738	0.09220000356435776	-0.025785153731703758	0.897376537322998	-0.44047674536705017	-0.9483402967453003	-0.16130682826042175	-0.27318480610847473	-0.3134259879589081	0.4100149869918823	0.8565329909324646
MEG0643	-0.03680000081658363	0.07530000060796738	0.09220000356435776	-0.9483402967453003	-0.16130682826042175	-0.27318480610847473	0.025785153731703758	-0.897376537322998	0.44047674536705017	-0.3134259879589081	0.4100149869918823	0.8565329909324646
MEG0641	-0.03680000081658363	0.07530000060796738	0.09220000356435776	-0.025785153731703758	0.897376537322998	-0.44047674536705017	-0.9483402967453003	-0.16130682826042175	-0.27318480610847473	-0.3134259879589081	0.4100149869918823	0.8565329909324646
MEG0713	-0.01850000023841858	0.010499999858438969	0.1096000000834465	-0.9895855188369751	-0.011964411474764347	-0.14344732463359833	0.013150356709957123	-0.999852180480957	-0.007576313801109791	-0.14265799522399902	-0.011481000110507011	0.9897050261497498
MEG0712	-0.01850000023841858	0.010499999858438969	0.1096000000834465	0.013150356709957123	-0.999852180480957	-0.007576313801109791	0.9895855188369751	0.011964411474764347	0.14344732463359833	-0.14265799522399902	-0.011481000110507011	0.9897050261497498
MEG0711	-0.01850000023841858	0.010499999858438969	0.1096000000834465	-0.9895855188369751	-0.011964411474764347	-0.14344732463359833	0.013150356709957123	-0.999852180480957	-0.007576313801109791	-0.14265799522399902	-0.011481000110507011	0.9897050261497498
MEG0723	0.01860000006854534	0.010499999858438969	0.1096000000834465	0.987500786781311	-0.007479716092348099	-0.15743854641914368	0.00270537449978292	0.9995170831680298	-0.030449088662862778	0.15264199674129486	0.03505999967455864	0.9876589775085449
MEG0722	0.01860000006854534	0.010499999858438969	0.1096000000834465	0.00270537449978292	0.9995170831680298	-0.030449088662862778	-0.987500786781311	0.007479716092348099	0.15743854641914368	0.15264199674129486	0.03505999967455864	0.9876589775085449
MEG0721	0.01860000006854534	0.010499999858438969	0.1096000000834465	0.987500786781311	-0.007479716092348099	-0.15743854641914368	0.00270537449978292	0.9995170831680298	-0.030449088662862778	0.15264199674129486	0.03505999967455864	0.9876589775085449
MEG0733	0.01860000006854534	-0.02329999953508377	0.10589999705553055	-0.036887191236019135	-0.9698536992073059	-0.240880087018013	0.987755537033081	0.0012284235563129187	-0.156269371509552	0.15197700262069702	-0.2447039932012558	0.9576119780540466
MEG0732	0.01860000006854534	-0.02329999953508377	0.10589999705553055	0.987755537033081	0.0012284235563129187	-0.156269371509552	0.036887191236019135	0.9698536992073059	0.240880087018013	0.15197700262069702	-0.2447039932012558	0.9576119780540466
MEG0731	0.01860000006854534	-0.02329999953508377	0.10589999705553055	-0.036887191236019135	-0.9698536992073059	-0.240880087018013	0.987755537033081	0.0012284235563129187	-0.156269371509552	0.15197700262069702	-0.2447039932012558	0.9576119780540466
MEG0743	-0.01850000023841858	-0.02370000071823597	0.10580000281333923	0.03827298432588577	-0.9720445871353149	-0.23165465891361237	0.9922275543212891	0.009480861946940422	0.12382154166698456	-0.11700599640607834	-0.24328699707984924	0.9628689885139465
MEG0742	-0.01850000023841858	-0.02370000071823597	0.10580000281333923	0.9922275543212891	0.009480861946940422	0.12382154166698456	-0.03827298432588577	0.9720445871353149	0.23165465891361237	-0.11700599640607834	-0.24328699707984924	0.9628689885139465
MEG0741	-0.01850000023841858	-0.02370000071823597	0.10580000281333923	0.03827298432588577	-0.9720445871353149	-0.23165465891361237	0.9922275543212891	0.009480861946940422	0.12382154166698456	-0.11700599640607834	-0.24328699707984924	0.9628689885139465
MEG0813	9.999999747378752e-05	0.1445000022649765	0.018699999898672104	-0.0003328128077555448	0.25515812635421753	-0.9668995141983032	-0.999977171421051	-0.0030284307431429625	-0.0004171583568677306	-0.006998000200837851	0.9669449925422668	0.2548379898071289
MEG0812	9.999999747378752e-05	0.1445000022649765	0.018699999898672104	-0.999977171421051	-0.0030284307431429625	-0.0004171583568677306	0.0003328128077555448	-0.25515812635421753	0.9668995141983032	-0.006998000200837851	0.9669449925422668	0.2548379898071289
MEG0811	9.999999747378752e-05	0.1445000022649765	0.018699999898672104	-0.0003328128077555448	0.25515812635421753	-0.9668995141983032	-0.999977171421051	-0.0030284307431429625	-0.0004171583568677306	-0.006998000200837851	0.9669449925422668	0.2548379898071289
MEG0822	9.999999747378752e-05	0.1316000074148178	0.05000000074505806	0.0006985291256569326	0.49820637702941895	-0.8670717477798462	-1.0000001192092896	0.00013571558520197868	-0.0006385925225913525	0.0019580000080168247	0.8664019703865051	0.49928799271583557
MEG0823	9.999999747378752e-05	0.1316000074148178	0.05000000074505806	-1.0000001192092896	0.00013571558520197868	-0.0006385925225913525	-0.0006985291256569326	-0.49820637702941895	0.8670717477798462	0.0019580000080168247	0.8664019703865051	0.49928799271583557
MEG0821	9.999999747378752e-05	0.1316000074148178	0.05000000074505806	0.0006985291256569326	0.49820637702941895	-0.8670717477798462	-1.0000001192092896	0.00013571558520197868	-0.0006385925225913525	0.0019580000080168247	0.8664019703865051	0.49928799271583557
MEG0913	0.03310000151395798	0.1396999955177307	0.01730000041425228	-0.002576274098828435	0.24606791138648987	-0.9692491888999939	-0.9627493619918823	0.2616899311542511	0.06901190429925919	0.26684799790382385	0.9351289868354797	0.2329930067062378
MEG0912	0.03310000151395798	0.1396999955177307	0.01730000041425228	-0.9627493619918823	0.2616899311542511	0.06901190429925919	0.002576274098828435	-0.24606791138648987	0.9692491888999939	0.26684799790382385	0.9351289868354797	0.2329930067062378
MEG0911	0.03310000151395798	0.1396999955177307	0.01730000041425228	-0.002576274098828435	0.24606791138648987	-0.9692491888999939	-0.9627493619918823	0.2616899311542511	0.06901190429925919	0.26684799790382385	0.9351289868354797	0.2329930067062378
MEG0923	0.06379999965429306	0.12530000507831573	0.013500000350177288	-0.01869877241551876	0.2219824343919754	-0.974871039390564	-0.7655162215232849	0.6240742206573486	0.15685412287712097	0.6214069724082947	0.7668160200119019	0.16071200370788574
MEG0922	0.06379999965429306	0.12530000507831573	0.013500000350177288	-0.7655162215232849	0.6240742206573486	0.15685412287712097	0.01869877241551876	-0.2219824343919754	0.974871039390564	0.6214069724082947	0.7668160200119019	0.16071200370788574
MEG0921	0.06379999965429306	0.12530000507831573	0.013500000350177288	-0.01869877241551876	0.2219824343919754	-0.974871039390564	-0.7655162215232849	0.6240742206573486	0.15685412287712097	0.6214069724082947	0.7668160200119019	0.16071200370788574
MEG0932	0.06710000336170197	0.1088000014424324	0.04439999908208847	0.18834830820560455	0.38921627402305603	-0.9017419219017029	-0.7175784707069397	0.6813870668411255	0.1441994607448578	0.6809890270233154	0.6165260076522827	0.3951509892940521
MEG0933	0.06710000336170197	0.1088000014424324	0.04439999908208847	-0.7175784707069397	0.6813870668411255	0.1441994607448578	-0.18834830820560455	-0.38921627402305603	0.9017419219017029	0.6809890270233154	0.6165260076522827	0.3951509892940521
MEG0931	0.06710000336170197	0.1088000014424324	0.04439999908208847	0.18834830820560455	0.38921627402305603	-0.9017419219017029	-0.7175784707069397	0.6813870668411255	0.1441994607448578	0.6809890270233154	0.6165260076522827	0.3951509892940521
MEG0942	0.033799998462200165	0.12729999423027039	0.04859999939799309	0.056187018752098083	0.4707629084587097	-0.8805040121078491	-0.9646231532096863	0.25309181213378906	0.07380830496549606	0.262921005487442	0.8436040282249451	0.4681589901447296
MEG0943	0.033799998462200165	0.12729999423027039	0.04859999939799309	-0.9646231532096863	0.25309181213378906	0.07380830496549606	-0.056187018752098083	-0.4707629084587097	0.8805040121078491	0.262921005487442	0.8436040282249451	0.4681589901447296
MEG0941	0.033799998462200165	0.12729999423027039	0.04859999939799309	0.056187018752098083	0.4707629084587097	-0.8805040121078491	-0.9646231532096863	0.25309181213378906	0.07380830496549606	0.262921005487442	0.8436040282249451	0.4681589901447296
MEG1013	9.999999747378752e-05	0.10930000245571136	0.0771000012755394	0.0010011261329054832	0.7562129497528076	-0.6543259620666504	-0.9997771978378296	-0.015177424065768719	-0.01898564212024212	-0.01969200000166893	0.6528580188751221	0.757220983505249
MEG1012	9.999999747378752e-05	0.10930000245571136	0.0771000012755394	-0.9997771978378296	-0.015177424065768719	-0.01898564212024212	-0.0010011261329054832	-0.7562129497528076	0.6543259620666504	-0.01969200000166893	0.6528580188751221	0.757220983505249
MEG1011	9.999999747378752e-05	0.10930000245571136	0.0771000012755394	0.0010011261329054832	0.7562129497528076	-0.6543259620666504	-0.9997771978378296	-0.015177424065768719	-0.01898564212024212	-0.01969200000166893	0.6528580188751221	0.757220983505249
MEG1023	0.03579999879002571	0.10480000078678131	0.07500000298023224	0.004256833344697952	0.762394905090332	-0.6470974683761597	-0.9609758257865906	0.18231700360774994	0.20843906700611115	0.2709760069847107	0.6207590103149414	0.7356809973716736
MEG1022	0.03579999879002571	0.10480000078678131	0.07500000298023224	-0.9609758257865906	0.18231700360774994	0.20843906700611115	-0.004256833344697952	-0.762394905090332	0.6470974683761597	0.2709760069847107	0.6207590103149414	0.7356809973716736
MEG1021	0.03579999879002571	0.10480000078678131	0.07500000298023224	0.004256833344697952	0.762394905090332	-0.6470974683761597	-0.9609758257865906	0.18231700360774994	0.20843906700611115	0.2709760069847107	0.6207590103149414	0.7356809973716736
MEG1032	0.03680000081658363	0.07519999891519547	0.09229999780654907	0.030932750552892685	0.8982856273651123	-0.43818211555480957	-0.9507772326469421	0.16167254745960236	0.26435428857803345	0.3098730146884918	0.41492700576782227	0.855459988117218
MEG1033	0.03680000081658363	0.07519999891519547	0.09229999780654907	-0.9507772326469421	0.16167254745960236	0.26435428857803345	-0.030932750552892685	-0.8982856273651123	0.43818211555480957	0.3098730146884918	0.41492700576782227	0.855459988117218
MEG1031	0.03680000081658363	0.07519999891519547	0.09229999780654907	0.030932750552892685	0.8982856273651123	-0.43818211555480957	-0.9507772326469421	0.16167254745960236	0.26435428857803345	0.3098730146884918	0.41492700576782227	0.855459988117218
MEG1043	0.018400000408291817	0.044199999421834946	0.10620000213384628	-0.013926912099123001	0.9792678356170654	-0.20209228992462158	-0.9895949959754944	0.015459886752068996	0.14309261739253998	0.13010500371456146	0.20309700071811676	0.9704750180244446
MEG1042	0.018400000408291817	0.044199999421834946	0.10620000213384628	-0.9895949959754944	0.015459886752068996	0.14309261739253998	0.013926912099123001	-0.9792678356170654	0.20209228992462158	0.13010500371456146	0.20309700071811676	0.9704750180244446
MEG1041	0.018400000408291817	0.044199999421834946	0.10620000213384628	-0.013926912099123001	0.9792678356170654	-0.20209228992462158	-0.9895949959754944	0.015459886752068996	0.14309261739253998	0.13010500371456146	0.20309700071811676	0.9704750180244446
MEG1112	0.05249999836087227	0.0406000018119812	0.09529999643564224	0.8741907477378845	-0.01809057779610157	-0.4852008521556854	-0.05835830047726631	0.9881424903869629	-0.14201673865318298	0.48202499747276306	0.15246699750423431	0.8627880215644836
MEG1113	0.05249999836087227	0.0406000018119812	0.09529999643564224	-0.05835830047726631	0.9881424903869629	-0.14201673865318298	-0.8741907477378845	0.01809057779610157	0.4852008521556854	0.48202499747276306	0.15246699750423431	0.8627880215644836
MEG1111	0.05249999836087227	0.0406000018119812	0.09529999643564224	0.8741907477378845	-0.01809057779610157	-0.4852008521556854	-0.05835830047726631	0.9881424903869629	-0.14201673865318298	0.48202499747276306	0.15246699750423431	0.8627880215644836
MEG1123	0.08089999854564667	0.04129999876022339	0.07209999859333038	0.6349668502807617	0.049926795065402985	-0.7709238529205322	-0.17429113388061523	0.9813390374183655	-0.08001137524843216	0.7490419745445251	0.1819780021905899	0.637037992477417
MEG1122	0.08089999854564667	0.04129999876022339	0.07209999859333038	-0.17429113388061523	0.9813390374183655	-0.08001137524843216	-0.6349668502807617	-0.049926795065402985	0.7709238529205322	0.7490419745445251	0.1819780021905899	0.637037992477417
MEG1121	0.08089999854564667	0.04129999876022339	0.07209999859333038	0.6349668502807617	0.049926795065402985	-0.7709238529205322	-0.17429113388061523	0.9813390374183655	-0.08001137524843216	0.7490419745445251	0.1819780021905899	0.637037992477417
MEG1133	0.0828000009059906	0.006099999882280827	0.07280000299215317	0.6378846764564514	0.0007039574556984007	-0.77013099193573	0.004140383098274469	1.000017523765564	0.004381401930004358	0.7654510140419006	-0.013124000281095505	0.64335697889328
MEG1132	0.0828000009059906	0.006099999882280827	0.07280000299215317	0.004140383098274469	1.000017523765564	0.004381401930004358	-0.6378846764564514	-0.0007039574556984007	0.77013099193573	0.7654510140419006	-0.013124000281095505	0.64335697889328
MEG1131	0.0828000009059906	0.006099999882280827	0.07280000299215317	0.6378846764564514	0.0007039574556984007	-0.77013099193573	0.004140383098274469	1.000017523765564	0.004381401930004358	0.7654510140419006	-0.013124000281095505	0.64335697889328
MEG1142	0.05350000038743019	0.006200000178068876	0.09700000286102295	0.8669966459274292	-0.018057839944958687	-0.49796536564826965	0.028690678998827934	0.9994943141937256	0.013713130727410316	0.4927999973297119	-0.029523000121116638	0.8696399927139282
MEG1143	0.05350000038743019	0.006200000178068876	0.09700000286102295	0.028690678998827934	0.9994943141937256	0.013713130727410316	-0.8669966459274292	0.018057839944958687	0.49796536564826965	0.4927999973297119	-0.029523000121116638	0.8696399927139282
MEG1141	0.05350000038743019	0.006200000178068876	0.09700000286102295	0.8669966459274292	-0.018057839944958687	-0.49796536564826965	0.028690678998827934	0.9994943141937256	0.013713130727410316	0.4927999973297119	-0.029523000121116638	0.8696399927139282
MEG1213	0.08619999885559082	0.09860000014305115	0.008899999782443047	0.0591333769261837	0.12739165127277374	-0.9900880455970764	-0.5008055567741394	0.8617997169494629	0.08096261322498322	0.8627669811248779	0.4939039945602417	0.10802199691534042
MEG1212	0.08619999885559082	0.09860000014305115	0.008899999782443047	-0.5008055567741394	0.8617997169494629	0.08096261322498322	-0.0591333769261837	-0.12739165127277374	0.9900880455970764	0.8627669811248779	0.4939039945602417	0.10802199691534042
MEG1211	0.08619999885559082	0.09860000014305115	0.008899999782443047	0.0591333769261837	0.12739165127277374	-0.9900880455970764	-0.5008055567741394	0.8617997169494629	0.08096261322498322	0.8627669811248779	0.4939039945602417	0.10802199691534042
MEG1223	0.10029999911785126	0.06599999964237213	0.008200000040233135	0.08949090540409088	0.034915074706077576	-0.9953750371932983	-0.31484997272491455	0.9491617679595947	0.005048654042184353	0.945963978767395	0.31274300813674927	0.08559300005435944
MEG1222	0.10029999911785126	0.06599999964237213	0.008200000040233135	-0.31484997272491455	0.9491617679595947	0.005048654042184353	-0.08949090540409088	-0.034915074706077576	0.9953750371932983	0.945963978767395	0.31274300813674927	0.08559300005435944
MEG1221	0.10029999911785126	0.06599999964237213	0.008200000040233135	0.08949090540409088	0.034915074706077576	-0.9953750371932983	-0.31484997272491455	0.9491617679595947	0.005048654042184353	0.945963978767395	0.31274300813674927	0.08559300005435944
MEG1232	0.08869999647140503	0.07569999992847443	0.041200000792741776	0.34672844409942627	0.11688080430030823	-0.9306730031967163	-0.3769294321537018	0.9259256720542908	-0.024172425270080566	0.8569560050964355	0.35953599214553833	0.36924201250076294
MEG1233	0.08869999647140503	0.07569999992847443	0.041200000792741776	-0.3769294321537018	0.9259256720542908	-0.024172425270080566	-0.34672844409942627	-0.11688080430030823	0.9306730031967163	0.8569560050964355	0.35953599214553833	0.36924201250076294
MEG1231	0.08869999647140503	0.07569999992847443	0.041200000792741776	0.34672844409942627	0.11688080430030823	-0.9306730031967163	-0.3769294321537018	0.9259256720542908	-0.024172425270080566	0.8569560050964355	0.35953599214553833	0.36924201250076294
MEG1243	0.06989999860525131	0.07580000162124634	0.07090000063180923	0.6105074882507324	0.23705559968948364	-0.7557016015052795	-0.4285908043384552	0.9013283252716064	-0.0634349063038826	0.6638919711112976	0.3639169931411743	0.6533049941062927
MEG1242	0.06989999860525131	0.07580000162124634	0.07090000063180923	-0.4285908043384552	0.9013283252716064	-0.0634349063038826	-0.6105074882507324	-0.23705559968948364	0.7557016015052795	0.6638919711112976	0.3639169931411743	0.6533049941062927
MEG1241	0.06989999860525131	0.07580000162124634	0.07090000063180923	0.6105074882507324	0.23705559968948364	-0.7557016015052795	-0.4285908043384552	0.9013283252716064	-0.0634349063038826	0.6638919711112976	0.3639169931411743	0.6533049941062927
MEG1312	0.09889999777078629	0.04039999842643738	0.04129999876022339	0.3451009690761566	0.060932356864213943	-0.9366233348846436	-0.1762322634458542	0.9843480587005615	-0.0009592472342774272	0.9229540228843689	0.155116006731987	0.3522599935531616
MEG1313	0.09889999777078629	0.04039999842643738	0.04129999876022339	-0.1762322634458542	0.9843480587005615	-0.0009592472342774272	-0.3451009690761566	-0.060932356864213943	0.9366233348846436	0.9229540228843689	0.155116006731987	0.3522599935531616
MEG1311	0.09889999777078629	0.04039999842643738	0.04129999876022339	0.3451009690761566	0.060932356864213943	-0.9366233348846436	-0.1762322634458542	0.9843480587005615	-0.0009592472342774272	0.9229540228843689	0.155116006731987	0.3522599935531616
MEG1323	0.10740000009536743	0.03290000185370445	0.008100000210106373	0.07739365845918655	0.013361587189137936	-0.9969114065170288	-0.13747189939022064	0.9905151724815369	0.0026051511522382498	0.988273024559021	0.1320360004901886	0.0765329971909523
MEG1322	0.10740000009536743	0.03290000185370445	0.008100000210106373	-0.13747189939022064	0.9905151724815369	0.0026051511522382498	-0.07739365845918655	-0.013361587189137936	0.9969114065170288	0.988273024559021	0.1320360004901886	0.0765329971909523
MEG1321	0.10740000009536743	0.03290000185370445	0.008100000210106373	0.07739365845918655	0.013361587189137936	-0.9969114065170288	-0.13747189939022064	0.9905151724815369	0.0026051511522382498	0.988273024559021	0.1320360004901886	0.0765329971909523
MEG1333	0.10830000042915344	-0.0010999999940395355	0.006800000090152025	0.06482311338186264	-0.0031180100049823523	-0.9978921413421631	0.05232439190149307	0.9986391067504883	0.0003148371761199087	0.996442973613739	-0.06055700033903122	0.058566998690366745
MEG1332	0.10830000042915344	-0.0010999999940395355	0.006800000090152025	0.05232439190149307	0.9986391067504883	0.0003148371761199087	-0.06482311338186264	0.0031180100049823523	0.9978921413421631	0.996442973613739	-0.06055700033903122	0.058566998690366745
MEG1331	0.10830000042915344	-0.0010999999940395355	0.006800000090152025	0.06482311338186264	-0.0031180100049823523	-0.9978921413421631	0.05232439190149307	0.9986391067504883	0.0003148371761199087	0.996442973613739	-0.06055700033903122	0.058566998690366745
MEG1342	0.10100000351667404	0.004399999976158142	0.04100000113248825	0.3452369272708893	0.008114955388009548	-0.9385025501251221	0.02987741120159626	0.9993612766265869	0.019591031596064568	0.9352650046348572	-0.04024599865078926	0.3516469895839691
MEG1343	0.10100000351667404	0.004399999976158142	0.04100000113248825	0.02987741120159626	0.9993612766265869	0.019591031596064568	-0.3452369272708893	-0.008114955388009548	0.9385025501251221	0.9352650046348572	-0.04024599865078926	0.3516469895839691
MEG1341	0.10100000351667404	0.004399999976158142	0.04100000113248825	0.3452369272708893	0.008114955388009548	-0.9385025501251221	0.02987741120159626	0.9993612766265869	0.019591031596064568	0.9352650046348572	-0.04024599865078926	0.3516469895839691
MEG1412	0.10199999809265137	0.06300000101327896	-0.026000000536441803	0.01434919610619545	0.011895572766661644	-0.9998828172683716	-0.280389666557312	0.9598582983016968	0.007416748441755772	0.9595000147819519	0.2816999852657318	0.0021589999087154865
MEG1413	0.10199999809265137	0.06300000101327896	-0.026000000536441803	-0.280389666557312	0.9598582983016968	0.007416748441755772	-0.01434919610619545	-0.011895572766661644	0.9998828172683716	0.9595000147819519	0.2816999852657318	0.0021589999087154865
MEG1411	0.10199999809265137	0.06300000101327896	-0.026000000536441803	0.01434919610619545	0.011895572766661644	-0.9998828172683716	-0.280389666557312	0.9598582983016968	0.007416748441755772	0.9595000147819519	0.2816999852657318	0.0021589999087154865
MEG1423	0.10649999976158142	0.04690000042319298	-0.05999999865889549	0.04507802054286003	0.014161729253828526	-0.9988833665847778	-0.1714896410703659	0.9851568937301636	0.006219430360943079	0.9842990040779114	0.17427699267864227	0.027016999199986458
MEG1422	0.10649999976158142	0.04690000042319298	-0.05999999865889549	-0.1714896410703659	0.9851568937301636	0.006219430360943079	-0.04507802054286003	-0.014161729253828526	0.9988833665847778	0.9842990040779114	0.17427699267864227	0.027016999199986458
MEG1421	0.10649999976158142	0.04690000042319298	-0.05999999865889549	0.04507802054286003	0.014161729253828526	-0.9988833665847778	-0.1714896410703659	0.9851568937301636	0.006219430360943079	0.9842990040779114	0.17427699267864227	0.027016999199986458
MEG1433	0.10980000346899033	0.013100000098347664	-0.062199998646974564	0.06010296568274498	0.0046972595155239105	-0.9981808662414551	-0.0006442079320549965	0.999992847442627	0.004625680856406689	0.9996079802513123	0.008452000096440315	0.026489999145269394
MEG1432	0.10980000346899033	0.013100000098347664	-0.062199998646974564	-0.0006442079320549965	0.999992847442627	0.004625680856406689	-0.06010296568274498	-0.0046972595155239105	0.9981808662414551	0.9996079802513123	0.008452000096440315	0.026489999145269394
MEG1431	0.10980000346899033	0.013100000098347664	-0.062199998646974564	0.06010296568274498	0.0046972595155239105	-0.9981808662414551	-0.0006442079320549965	0.999992847442627	0.004625680856406689	0.9996079802513123	0.008452000096440315	0.026489999145269394
